  1   1   0.000000E+00   0.478089E-04
  1   2   0.000000E+00   0.104061E+03
  1   3   0.211458E+00   0.643572E+03
  1   4   0.107614E+01   0.141413E+04
  1   5   0.258912E+01   0.225174E+04
  1   6   0.457896E+01   0.309888E+04
  1   7   0.689866E+01   0.393539E+04
  1   8   0.944248E+01   0.461809E+04
  1   9   0.121365E+02   0.532926E+04
  1  10   0.149295E+02   0.615894E+04
  1  11   0.177852E+02   0.705260E+04
  1  12   0.206777E+02   0.798424E+04
  1  13   0.235898E+02   0.894016E+04
  1  14   0.265056E+02   0.992756E+04
  1  15   0.294155E+02   0.109455E+05
  1  16   0.323121E+02   0.119644E+05
  1  17   0.351907E+02   0.130260E+05
  1  18   0.380809E+02   0.140875E+05
  1  19   0.409519E+02   0.151589E+05
  1  20   0.437532E+02   0.162607E+05
  1  21   0.465466E+02   0.173480E+05
  1  22   0.492904E+02   0.184679E+05
  1  23   0.520037E+02   0.195945E+05
  1  24   0.547116E+02   0.207276E+05
  1  25   0.573630E+02   0.218667E+05
  1  26   0.599843E+02   0.230138E+05
  1  27   0.625750E+02   0.241644E+05
  1  28   0.651365E+02   0.253597E+05
  1  29   0.676673E+02   0.265230E+05
  1  30   0.702012E+02   0.276873E+05
  1  31   0.726742E+02   0.288919E+05
  1  32   0.751173E+02   0.300679E+05
  1  33   0.775354E+02   0.312402E+05
  1  34   0.799226E+02   0.324685E+05
  1  35   0.820809E+02   0.336432E+05
  1  36   0.846434E+02   0.348788E+05
  1  37   0.869542E+02   0.360626E+05
  1  38   0.892648E+02   0.373040E+05
  1  39   0.915259E+02   0.385195E+05
  1  40   0.937613E+02   0.397432E+05
  1  41   0.960748E+02   0.409622E+05
  1  42   0.982621E+02   0.421818E+05
  1  43   0.100427E+03   0.434180E+05
  1  44   0.102570E+03   0.446480E+05
  1  45   0.104693E+03   0.458791E+05
  1  46   0.106793E+03   0.471209E+05
  1  47   0.108873E+03   0.483558E+05
  1  48   0.110934E+03   0.496045E+05
  1  49   0.112971E+03   0.508538E+05
  1  50   0.114994E+03   0.520887E+05
  1  51   0.116995E+03   0.533385E+05
  1  52   0.118977E+03   0.546046E+05
  1  53   0.120941E+03   0.558553E+05
  1  54   0.122885E+03   0.571058E+05
  1  55   0.124812E+03   0.583560E+05
  1  56   0.126724E+03   0.596244E+05
  1  57   0.128640E+03   0.608743E+05
  1  58   0.130499E+03   0.621433E+05
  1  59   0.132357E+03   0.634124E+05
  1  60   0.134201E+03   0.646613E+05
  1  61   0.136036E+03   0.659306E+05
  1  62   0.137846E+03   0.672000E+05
  1  63   0.139647E+03   0.684693E+05
  1  64   0.141433E+03   0.697385E+05
  1  65   0.143205E+03   0.710076E+05
  1  66   0.144962E+03   0.722765E+05
  1  67   0.146700E+03   0.737777E+05
  1  68   0.148431E+03   0.748129E+05
  1  69   0.150142E+03   0.760802E+05
  1  70   0.151571E+03   0.773773E+05
  1  71   0.153267E+03   0.789176E+05
  1  72   0.155211E+03   0.802129E+05
  1  73   0.156878E+03   0.815031E+05
  1  74   0.158528E+03   0.827938E+05
  1  75   0.160166E+03   0.840453E+05
  1  76   0.161793E+03   0.853590E+05
  1  77   0.163407E+03   0.866656E+05
  1  78   0.165014E+03   0.879650E+05
  1  79   0.166605E+03   0.892599E+05
  1  80   0.168183E+03   0.905554E+05
  1  81   0.169857E+03   0.918516E+05
  1  82   0.171418E+03   0.931485E+05
  1  83   0.172964E+03   0.944460E+05
  1  84   0.174503E+03   0.957403E+05
  1  85   0.176031E+03   0.970430E+05
  1  86   0.177550E+03   0.983424E+05
  1  87   0.179055E+03   0.996481E+05
  1  88   0.180550E+03   0.100959E+06
  1  89   0.182043E+03   0.102265E+06
  1  90   0.183522E+03   0.103572E+06
  1  91   0.184990E+03   0.104879E+06
  1  92   0.186350E+03   0.106187E+06
  1  93   0.187895E+03   0.107495E+06
  1  94   0.189335E+03   0.108804E+06
  1  95   0.190771E+03   0.110113E+06
  1  96   0.192194E+03   0.111422E+06
  1  97   0.193610E+03   0.112734E+06
  1  98   0.195018E+03   0.114044E+06
  1  99   0.196417E+03   0.115356E+06
  1 100   0.197803E+03   0.116667E+06
  1 101   0.199189E+03   0.117980E+06
  1 102   0.200563E+03   0.119292E+06
  1 103   0.201925E+03   0.120605E+06
  1 104   0.203280E+03   0.121919E+06
  1 105   0.204632E+03   0.123232E+06
  1 106   0.205983E+03   0.124547E+06
  1 107   0.207315E+03   0.125859E+06
  1 108   0.208639E+03   0.127166E+06
  1 109   0.209963E+03   0.128467E+06
  1 110   0.211276E+03   0.129807E+06
  1 111   0.212579E+03   0.131123E+06
  1 112   0.213874E+03   0.132440E+06
  1 113   0.215164E+03   0.133756E+06
  1 114   0.216451E+03   0.135073E+06
  1 115   0.217730E+03   0.136394E+06
  1 116   0.219001E+03   0.137716E+06
  1 117   0.220264E+03   0.139039E+06
  1 118   0.221521E+03   0.140362E+06
  1 119   0.222771E+03   0.141685E+06
  1 120   0.224016E+03   0.143009E+06
  1 121   0.225261E+03   0.144333E+06
  1 122   0.226494E+03   0.145657E+06
  1 123   0.227718E+03   0.146981E+06
  1 124   0.228936E+03   0.148302E+06
  1 125   0.230149E+03   0.149617E+06
  1 126   0.231354E+03   0.150947E+06
  1 127   0.232548E+03   0.152276E+06
  1 128   0.233748E+03   0.153590E+06
  1 129   0.234938E+03   0.154921E+06
  1 130   0.236145E+03   0.156261E+06
  1 131   0.237312E+03   0.157588E+06
  1 132   0.238482E+03   0.158915E+06
  1 133   0.239647E+03   0.160242E+06
  1 134   0.240809E+03   0.161569E+06
  1 135   0.241965E+03   0.162897E+06
  1 136   0.243115E+03   0.164224E+06
  1 137   0.244262E+03   0.165552E+06
  1 138   0.245400E+03   0.166879E+06
  1 139   0.246284E+03   0.168201E+06
  1 140   0.247394E+03   0.169534E+06
  1 141   0.248534E+03   0.170855E+06
  1 142   0.249649E+03   0.172190E+06
  1 143   0.250760E+03   0.173509E+06
  1 144   0.252146E+03   0.174846E+06
  1 145   0.253212E+03   0.176181E+06
  1 146   0.254350E+03   0.177503E+06
  1 147   0.255447E+03   0.178839E+06
  1 148   0.256535E+03   0.180161E+06
  1 149   0.257623E+03   0.181498E+06
  1 150   0.258705E+03   0.182819E+06
  1 151   0.259781E+03   0.184158E+06
  1 152   0.260851E+03   0.185495E+06
  1 153   0.261921E+03   0.186819E+06
  1 154   0.262984E+03   0.188156E+06
  1 155   0.264050E+03   0.189481E+06
  1 156   0.265102E+03   0.190819E+06
  1 157   0.266153E+03   0.192151E+06
  1 158   0.267200E+03   0.193487E+06
  1 159   0.268242E+03   0.194823E+06
  1 160   0.269277E+03   0.196160E+06
  1 161   0.270408E+03   0.197497E+06
  1 162   0.271436E+03   0.198834E+06
  1 163   0.272458E+03   0.200171E+06
  1 164   0.273485E+03   0.201508E+06
  1 165   0.274500E+03   0.202845E+06
  1 166   0.275512E+03   0.204183E+06
  1 167   0.276520E+03   0.205521E+06
  1 168   0.277527E+03   0.206858E+06
  1 169   0.278530E+03   0.208196E+06
  1 170   0.279529E+03   0.209534E+06
  1 171   0.280522E+03   0.210873E+06
  1 172   0.281511E+03   0.212211E+06
  1 173   0.282495E+03   0.213550E+06
  1 174   0.283475E+03   0.214888E+06
  1 175   0.284456E+03   0.216227E+06
  1 176   0.285429E+03   0.217566E+06
  1 177   0.286403E+03   0.218905E+06
  1 178   0.287370E+03   0.220244E+06
  1 179   0.288336E+03   0.221583E+06
  1 180   0.289296E+03   0.222922E+06
  1 181   0.290258E+03   0.224262E+06
  1 182   0.291115E+03   0.225601E+06
  1 183   0.292063E+03   0.226941E+06
  1 184   0.293007E+03   0.228281E+06
  1 185   0.294042E+03   0.229621E+06
  1 186   0.294983E+03   0.230961E+06
  1 187   0.295919E+03   0.232301E+06
  1 188   0.296851E+03   0.233641E+06
  1 189   0.297784E+03   0.234982E+06
  1 190   0.298709E+03   0.236322E+06
  1 191   0.299632E+03   0.237663E+06
  1 192   0.300552E+03   0.239003E+06
  1 193   0.301470E+03   0.240344E+06
  1 194   0.302383E+03   0.241685E+06
  1 195   0.303293E+03   0.243026E+06
  1 196   0.304201E+03   0.244367E+06
  1 197   0.305106E+03   0.245708E+06
  1 198   0.306007E+03   0.247049E+06
  1 199   0.306905E+03   0.248390E+06
  1 200   0.307803E+03   0.249732E+06
  1 201   0.308699E+03   0.251073E+06
  1 202   0.309593E+03   0.252415E+06
  1 203   0.310478E+03   0.253757E+06
  1 204   0.311360E+03   0.255098E+06
  1 205   0.312239E+03   0.256441E+06
  1 206   0.313116E+03   0.257784E+06
  1 207   0.313989E+03   0.259126E+06
  1 208   0.314863E+03   0.260473E+06
  1 209   0.315732E+03   0.261817E+06
  1 210   0.316597E+03   0.263158E+06
  1 211   0.317471E+03   0.264506E+06
  1 212   0.318331E+03   0.265851E+06
  1 213   0.319189E+03   0.267193E+06
  1 214   0.320043E+03   0.268539E+06
  1 215   0.320894E+03   0.269885E+06
  1 216   0.321746E+03   0.271228E+06
  1 217   0.322593E+03   0.272572E+06
  1 218   0.323438E+03   0.273919E+06
  1 219   0.324280E+03   0.275264E+06
  1 220   0.325119E+03   0.276606E+06
  1 221   0.325954E+03   0.277954E+06
  1 222   0.326787E+03   0.279300E+06
  1 223   0.327618E+03   0.280644E+06
  1 224   0.328448E+03   0.281987E+06
  1 225   0.329275E+03   0.283336E+06
  1 226   0.330099E+03   0.284682E+06
  1 227   0.330920E+03   0.286024E+06
  1 228   0.331750E+03   0.287371E+06
  1 229   0.332563E+03   0.288719E+06
  1 230   0.333380E+03   0.290064E+06
  1 231   0.334193E+03   0.291406E+06
  1 232   0.335027E+03   0.292755E+06
  1 233   0.335808E+03   0.294102E+06
  1 234   0.336613E+03   0.295447E+06
  1 235   0.337413E+03   0.296790E+06
  1 236   0.338213E+03   0.298139E+06
  1 237   0.339012E+03   0.299487E+06
  1 238   0.339807E+03   0.300832E+06
  1 239   0.340600E+03   0.302175E+06
  1 240   0.341397E+03   0.303524E+06
  1 241   0.342185E+03   0.304873E+06
  1 242   0.343416E+03   0.306218E+06
  1 243   0.343758E+03   0.307561E+06
  1 244   0.344539E+03   0.308910E+06
  1 245   0.345318E+03   0.310259E+06
  1 246   0.346094E+03   0.311605E+06
  1 247   0.346868E+03   0.312953E+06
  1 248   0.347640E+03   0.314302E+06
  1 249   0.348413E+03   0.315651E+06
  1 250   0.349183E+03   0.317000E+06
  1 251   0.349950E+03   0.318349E+06
  1 252   0.350713E+03   0.319698E+06
  1 253   0.351474E+03   0.321047E+06
  1 254   0.352241E+03   0.322396E+06
  1 255   0.352997E+03   0.323745E+06
  1 256   0.353752E+03   0.325094E+06
  1 257   0.354507E+03   0.326444E+06
  1 258   0.355263E+03   0.327793E+06
  1 259   0.356030E+03   0.329143E+06
  1 260   0.356782E+03   0.330492E+06
  1 261   0.357520E+03   0.331841E+06
  1 262   0.358263E+03   0.333191E+06
  1 263   0.359004E+03   0.334541E+06
  1 264   0.359744E+03   0.335890E+06
  1 265   0.360484E+03   0.337240E+06
  1 266   0.361221E+03   0.338590E+06
  1 267   0.361954E+03   0.339939E+06
  1 268   0.362688E+03   0.341289E+06
  1 269   0.363419E+03   0.342639E+06
  1 270   0.364147E+03   0.343989E+06
  1 271   0.364875E+03   0.345339E+06
  1 272   0.365598E+03   0.346689E+06
  1 273   0.366323E+03   0.348039E+06
  1 274   0.367044E+03   0.349389E+06
  1 275   0.367518E+03   0.350739E+06
  1 276   0.368234E+03   0.352089E+06
  1 277   0.368948E+03   0.353439E+06
  1 278   0.369661E+03   0.354790E+06
  1 279   0.370374E+03   0.356140E+06
  1 280   0.371066E+03   0.357490E+06
  1 281   0.371773E+03   0.358841E+06
  1 282   0.372478E+03   0.360191E+06
  1 283   0.373199E+03   0.361541E+06
  1 284   0.373903E+03   0.362892E+06
  1 285   0.374603E+03   0.364242E+06
  1 286   0.375290E+03   0.365593E+06
  1 287   0.375986E+03   0.366944E+06
  1 288   0.376669E+03   0.368294E+06
  1 289   0.377375E+03   0.369645E+06
  1 290   0.378320E+03   0.370996E+06
  1 291   0.379040E+03   0.372346E+06
  1 292   0.379741E+03   0.373697E+06
  1 293   0.380433E+03   0.375048E+06
  1 294   0.381119E+03   0.376399E+06
  1 295   0.381802E+03   0.377750E+06
  1 296   0.382485E+03   0.379101E+06
  1 297   0.383167E+03   0.380452E+06
  1 298   0.383848E+03   0.381803E+06
  1 299   0.384526E+03   0.383154E+06
  1 300   0.385202E+03   0.384505E+06
  2   1   0.000000E+00   0.149383E-04
  2   2   0.000000E+00   0.109473E+03
  2   3   0.186991E+00   0.783793E+03
  2   4   0.103931E+01   0.180525E+04
  2   5   0.260169E+01   0.294196E+04
  2   6   0.471037E+01   0.410500E+04
  2   7   0.720733E+01   0.525888E+04
  2   8   0.997419E+01   0.639233E+04
  2   9   0.129283E+02   0.723931E+04
  2  10   0.160085E+02   0.830963E+04
  2  11   0.191723E+02   0.949273E+04
  2  12   0.223901E+02   0.107299E+05
  2  13   0.256399E+02   0.120151E+05
  2  14   0.289003E+02   0.133413E+05
  2  15   0.321655E+02   0.147000E+05
  2  16   0.354212E+02   0.160902E+05
  2  17   0.386629E+02   0.175045E+05
  2  18   0.419286E+02   0.189422E+05
  2  19   0.451344E+02   0.204423E+05
  2  20   0.482837E+02   0.219177E+05
  2  21   0.514525E+02   0.234194E+05
  2  22   0.546115E+02   0.249214E+05
  2  23   0.576905E+02   0.264559E+05
  2  24   0.607382E+02   0.280034E+05
  2  25   0.637529E+02   0.295603E+05
  2  26   0.667350E+02   0.311260E+05
  2  27   0.697236E+02   0.326995E+05
  2  28   0.726412E+02   0.342794E+05
  2  29   0.755264E+02   0.358958E+05
  2  30   0.781413E+02   0.374947E+05
  2  31   0.812268E+02   0.390970E+05
  2  32   0.840209E+02   0.407437E+05
  2  33   0.867809E+02   0.423610E+05
  2  34   0.895138E+02   0.439739E+05
  2  35   0.922158E+02   0.456516E+05
  2  36   0.950407E+02   0.472762E+05
  2  37   0.976839E+02   0.489596E+05
  2  38   0.100298E+03   0.505929E+05
  2  39   0.102888E+03   0.522843E+05
  2  40   0.105449E+03   0.539221E+05
  2  41   0.107986E+03   0.556239E+05
  2  42   0.110495E+03   0.573128E+05
  2  43   0.112868E+03   0.589750E+05
  2  44   0.115329E+03   0.606832E+05
  2  45   0.117766E+03   0.624024E+05
  2  46   0.120182E+03   0.640568E+05
  2  47   0.122572E+03   0.657931E+05
  2  48   0.124981E+03   0.675161E+05
  2  49   0.127324E+03   0.691804E+05
  2  50   0.129650E+03   0.709237E+05
  2  51   0.131951E+03   0.726540E+05
  2  52   0.134296E+03   0.743179E+05
  2  53   0.136556E+03   0.760718E+05
  2  54   0.138796E+03   0.778132E+05
  2  55   0.141016E+03   0.795424E+05
  2  56   0.143224E+03   0.812729E+05
  2  57   0.145399E+03   0.829865E+05
  2  58   0.147567E+03   0.847306E+05
  2  59   0.149708E+03   0.864803E+05
  2  60   0.151528E+03   0.882394E+05
  2  61   0.153625E+03   0.899247E+05
  2  62   0.156036E+03   0.916844E+05
  2  63   0.158112E+03   0.934643E+05
  2  64   0.160169E+03   0.952333E+05
  2  65   0.162213E+03   0.969915E+05
  2  66   0.164238E+03   0.987466E+05
  2  67   0.166250E+03   0.100461E+06
  2  68   0.168248E+03   0.102245E+06
  2  69   0.170226E+03   0.104019E+06
  2  70   0.172310E+03   0.105782E+06
  2  71   0.174263E+03   0.107545E+06
  2  72   0.176193E+03   0.109309E+06
  2  73   0.178115E+03   0.111079E+06
  2  74   0.180025E+03   0.112834E+06
  2  75   0.181915E+03   0.114608E+06
  2  76   0.183795E+03   0.116376E+06
  2  77   0.185666E+03   0.118146E+06
  2  78   0.187517E+03   0.119933E+06
  2  79   0.189240E+03   0.121722E+06
  2  80   0.191182E+03   0.123502E+06
  2  81   0.192997E+03   0.125236E+06
  2  82   0.194802E+03   0.127012E+06
  2  83   0.196591E+03   0.128819E+06
  2  84   0.198371E+03   0.130618E+06
  2  85   0.200141E+03   0.132409E+06
  2  86   0.201895E+03   0.134196E+06
  2  87   0.203642E+03   0.135985E+06
  2  88   0.205371E+03   0.137774E+06
  2  89   0.207091E+03   0.139565E+06
  2  90   0.208802E+03   0.141356E+06
  2  91   0.210511E+03   0.143140E+06
  2  92   0.212196E+03   0.144940E+06
  2  93   0.213875E+03   0.146734E+06
  2  94   0.215543E+03   0.148529E+06
  2  95   0.217202E+03   0.150324E+06
  2  96   0.218846E+03   0.152120E+06
  2  97   0.220485E+03   0.153916E+06
  2  98   0.222120E+03   0.155713E+06
  2  99   0.223740E+03   0.157511E+06
  2 100   0.225347E+03   0.159310E+06
  2 101   0.225068E+03   0.161109E+06
  2 102   0.228535E+03   0.162909E+06
  2 103   0.230117E+03   0.164709E+06
  2 104   0.231699E+03   0.166510E+06
  2 105   0.233265E+03   0.168312E+06
  2 106   0.234817E+03   0.170114E+06
  2 107   0.236365E+03   0.171917E+06
  2 108   0.237901E+03   0.173720E+06
  2 109   0.239432E+03   0.175524E+06
  2 110   0.240949E+03   0.177328E+06
  2 111   0.242472E+03   0.179133E+06
  2 112   0.243980E+03   0.180938E+06
  2 113   0.245474E+03   0.182744E+06
  2 114   0.246960E+03   0.184552E+06
  2 115   0.248442E+03   0.186364E+06
  2 116   0.249916E+03   0.188175E+06
  2 117   0.251384E+03   0.190011E+06
  2 118   0.252839E+03   0.191824E+06
  2 119   0.254289E+03   0.193637E+06
  2 120   0.255431E+03   0.195450E+06
  2 121   0.256859E+03   0.197262E+06
  2 122   0.258285E+03   0.199099E+06
  2 123   0.260026E+03   0.200913E+06
  2 124   0.261446E+03   0.202727E+06
  2 125   0.262852E+03   0.204539E+06
  2 126   0.264255E+03   0.206377E+06
  2 127   0.265648E+03   0.208192E+06
  2 128   0.267039E+03   0.210006E+06
  2 129   0.268419E+03   0.211843E+06
  2 130   0.269792E+03   0.213658E+06
  2 131   0.271162E+03   0.215473E+06
  2 132   0.272524E+03   0.217286E+06
  2 133   0.273887E+03   0.219127E+06
  2 134   0.275234E+03   0.220941E+06
  2 135   0.276575E+03   0.222779E+06
  2 136   0.277916E+03   0.224596E+06
  2 137   0.279241E+03   0.226411E+06
  2 138   0.280685E+03   0.228250E+06
  2 139   0.282003E+03   0.230067E+06
  2 140   0.283318E+03   0.231881E+06
  2 141   0.284633E+03   0.233722E+06
  2 142   0.285925E+03   0.235538E+06
  2 143   0.287219E+03   0.237378E+06
  2 144   0.288508E+03   0.239195E+06
  2 145   0.289797E+03   0.241033E+06
  2 146   0.291073E+03   0.242852E+06
  2 147   0.292349E+03   0.244667E+06
  2 148   0.293615E+03   0.246509E+06
  2 149   0.294853E+03   0.248325E+06
  2 150   0.296133E+03   0.250166E+06
  2 151   0.297382E+03   0.251983E+06
  2 152   0.298635E+03   0.253824E+06
  2 153   0.299874E+03   0.255642E+06
  2 154   0.301110E+03   0.257482E+06
  2 155   0.302342E+03   0.259301E+06
  2 156   0.303454E+03   0.261141E+06
  2 157   0.304672E+03   0.262960E+06
  2 158   0.305999E+03   0.264801E+06
  2 159   0.307210E+03   0.266619E+06
  2 160   0.308417E+03   0.268460E+06
  2 161   0.309619E+03   0.270279E+06
  2 162   0.310816E+03   0.272121E+06
  2 163   0.312007E+03   0.273939E+06
  2 164   0.313194E+03   0.275782E+06
  2 165   0.314377E+03   0.277619E+06
  2 166   0.315553E+03   0.279443E+06
  2 167   0.316726E+03   0.281281E+06
  2 168   0.317896E+03   0.283104E+06
  2 169   0.319062E+03   0.284944E+06
  2 170   0.320220E+03   0.286765E+06
  2 171   0.321377E+03   0.288607E+06
  2 172   0.322532E+03   0.290444E+06
  2 173   0.323686E+03   0.292270E+06
  2 174   0.324825E+03   0.294108E+06
  2 175   0.325961E+03   0.295932E+06
  2 176   0.327092E+03   0.297773E+06
  2 177   0.328221E+03   0.299609E+06
  2 178   0.329347E+03   0.301437E+06
  2 179   0.330469E+03   0.303276E+06
  2 180   0.331584E+03   0.305100E+06
  2 181   0.332710E+03   0.306942E+06
  2 182   0.333816E+03   0.308779E+06
  2 183   0.334921E+03   0.310607E+06
  2 184   0.336020E+03   0.312447E+06
  2 185   0.337118E+03   0.314282E+06
  2 186   0.338212E+03   0.316113E+06
  2 187   0.339306E+03   0.317952E+06
  2 188   0.340391E+03   0.319778E+06
  2 189   0.341471E+03   0.321620E+06
  2 190   0.342547E+03   0.323457E+06
  2 191   0.343620E+03   0.325286E+06
  2 192   0.344691E+03   0.327127E+06
  2 193   0.345759E+03   0.328964E+06
  2 194   0.346822E+03   0.330795E+06
  2 195   0.347886E+03   0.332636E+06
  2 196   0.348946E+03   0.334472E+06
  2 197   0.349998E+03   0.336304E+06
  2 198   0.351049E+03   0.338145E+06
  2 199   0.352093E+03   0.340004E+06
  2 200   0.353135E+03   0.341814E+06
  2 201   0.354173E+03   0.343655E+06
  2 202   0.355209E+03   0.345534E+06
  2 203   0.356242E+03   0.347324E+06
  2 204   0.357270E+03   0.349165E+06
  2 205   0.358295E+03   0.351061E+06
  2 206   0.359324E+03   0.352954E+06
  2 207   0.360344E+03   0.354687E+06
  2 208   0.361358E+03   0.356585E+06
  2 209   0.362371E+03   0.358479E+06
  2 210   0.363378E+03   0.360205E+06
  2 211   0.364382E+03   0.362105E+06
  2 212   0.365383E+03   0.364001E+06
  2 213   0.366383E+03   0.365666E+06
  2 214   0.367379E+03   0.367474E+06
  2 215   0.368372E+03   0.369567E+06
  2 216   0.369363E+03   0.371405E+06
  2 217   0.370343E+03   0.373238E+06
  2 218   0.371336E+03   0.375068E+06
  2 219   0.372313E+03   0.376893E+06
  2 220   0.373291E+03   0.378715E+06
  2 221   0.374265E+03   0.380533E+06
  2 222   0.375262E+03   0.382346E+06
  2 223   0.376236E+03   0.384156E+06
  2 224   0.377188E+03   0.386100E+06
  2 225   0.378149E+03   0.387915E+06
  2 226   0.379122E+03   0.389726E+06
  2 227   0.380063E+03   0.391672E+06
  2 228   0.381022E+03   0.393488E+06
  2 229   0.381972E+03   0.395300E+06
  2 230   0.382921E+03   0.397247E+06
  2 231   0.383866E+03   0.399065E+06
  2 232   0.384811E+03   0.400879E+06
  2 233   0.385749E+03   0.402826E+06
  2 234   0.386690E+03   0.404646E+06
  2 235   0.387626E+03   0.406462E+06
  2 236   0.388264E+03   0.408274E+06
  2 237   0.389191E+03   0.410230E+06
  2 238   0.390116E+03   0.412048E+06
  2 239   0.391038E+03   0.413863E+06
  2 240   0.391957E+03   0.415817E+06
  2 241   0.392871E+03   0.417638E+06
  2 242   0.393785E+03   0.419456E+06
  2 243   0.394697E+03   0.421407E+06
  2 244   0.395606E+03   0.423231E+06
  2 245   0.396512E+03   0.425051E+06
  2 246   0.397416E+03   0.426868E+06
  2 247   0.398652E+03   0.428826E+06
  2 248   0.399552E+03   0.430649E+06
  2 249   0.400449E+03   0.432469E+06
  2 250   0.401345E+03   0.434286E+06
  2 251   0.402244E+03   0.436249E+06
  2 252   0.403134E+03   0.438073E+06
  2 253   0.404022E+03   0.439893E+06
  2 254   0.404911E+03   0.441710E+06
  2 255   0.405795E+03   0.443678E+06
  2 256   0.406678E+03   0.445502E+06
  2 257   0.407557E+03   0.447322E+06
  2 258   0.408433E+03   0.449282E+06
  2 259   0.406763E+03   0.451111E+06
  2 260   0.410176E+03   0.452936E+06
  2 261   0.411048E+03   0.454758E+06
  2 262   0.411919E+03   0.456719E+06
  2 263   0.412783E+03   0.458549E+06
  2 264   0.413652E+03   0.460375E+06
  2 265   0.414522E+03   0.462198E+06
  2 266   0.415381E+03   0.464018E+06
  2 267   0.416236E+03   0.465992E+06
  2 268   0.417090E+03   0.467820E+06
  2 269   0.417945E+03   0.469645E+06
  2 270   0.418794E+03   0.471466E+06
  2 271   0.419644E+03   0.473439E+06
  2 272   0.420489E+03   0.475269E+06
  2 273   0.421331E+03   0.477096E+06
  2 274   0.422288E+03   0.478919E+06
  2 275   0.423128E+03   0.480890E+06
  2 276   0.423964E+03   0.482722E+06
  2 277   0.424799E+03   0.484552E+06
  2 278   0.425632E+03   0.486378E+06
  2 279   0.426463E+03   0.488201E+06
  2 280   0.427297E+03   0.490179E+06
  2 281   0.428124E+03   0.492011E+06
  2 282   0.428956E+03   0.493840E+06
  2 283   0.429778E+03   0.495666E+06
  2 284   0.430590E+03   0.497637E+06
  2 285   0.431408E+03   0.499473E+06
  2 286   0.432226E+03   0.501306E+06
  2 287   0.433040E+03   0.503135E+06
  2 288   0.433856E+03   0.504961E+06
  2 289   0.434670E+03   0.506937E+06
  2 290   0.435479E+03   0.508773E+06
  2 291   0.436281E+03   0.510607E+06
  2 292   0.437086E+03   0.512437E+06
  2 293   0.437899E+03   0.514264E+06
  2 294   0.438702E+03   0.516241E+06
  2 295   0.439500E+03   0.518079E+06
  2 296   0.440289E+03   0.519913E+06
  2 297   0.441090E+03   0.521745E+06
  2 298   0.441857E+03   0.523573E+06
  2 299   0.442678E+03   0.525550E+06
  2 300   0.443468E+03   0.527390E+06
  3   1   0.000000E+00   0.464144E-05
  3   2   0.000000E+00   0.113816E+03
  3   3   0.165228E+00   0.919338E+03
  3   4   0.997151E+00   0.221089E+04
  3   5   0.259235E+01   0.368112E+04
  3   6   0.479628E+01   0.519432E+04
  3   7   0.744401E+01   0.672897E+04
  3   8   0.104084E+02   0.823078E+04
  3   9   0.135929E+02   0.970621E+04
  3  10   0.169330E+02   0.108046E+05
  3  11   0.203825E+02   0.122623E+05
  3  12   0.238996E+02   0.138529E+05
  3  13   0.274607E+02   0.155055E+05
  3  14   0.310455E+02   0.172181E+05
  3  15   0.346389E+02   0.189818E+05
  3  16   0.382308E+02   0.207870E+05
  3  17   0.418124E+02   0.226236E+05
  3  18   0.453911E+02   0.244933E+05
  3  19   0.489671E+02   0.263899E+05
  3  20   0.525351E+02   0.283180E+05
  3  21   0.560240E+02   0.302661E+05
  3  22   0.594822E+02   0.322431E+05
  3  23   0.629086E+02   0.342272E+05
  3  24   0.663458E+02   0.362412E+05
  3  25   0.697064E+02   0.382694E+05
  3  26   0.730330E+02   0.403114E+05
  3  27   0.763273E+02   0.423664E+05
  3  28   0.796145E+02   0.444335E+05
  3  29   0.828397E+02   0.465109E+05
  3  30   0.860313E+02   0.486161E+05
  3  31   0.893299E+02   0.507155E+05
  3  32   0.924881E+02   0.528192E+05
  3  33   0.955974E+02   0.549713E+05
  3  34   0.986391E+02   0.571051E+05
  3  35   0.101667E+03   0.592365E+05
  3  36   0.104664E+03   0.614164E+05
  3  37   0.107498E+03   0.635663E+05
  3  38   0.110422E+03   0.657536E+05
  3  39   0.113343E+03   0.679189E+05
  3  40   0.116224E+03   0.701163E+05
  3  41   0.119073E+03   0.722924E+05
  3  42   0.121898E+03   0.745029E+05
  3  43   0.124736E+03   0.767046E+05
  3  44   0.127503E+03   0.789100E+05
  3  45   0.130245E+03   0.811231E+05
  3  46   0.132962E+03   0.833395E+05
  3  47   0.135652E+03   0.855603E+05
  3  48   0.138318E+03   0.877989E+05
  3  49   0.141032E+03   0.900458E+05
  3  50   0.143644E+03   0.922870E+05
  3  51   0.146238E+03   0.945402E+05
  3  52   0.148807E+03   0.967963E+05
  3  53   0.150994E+03   0.990450E+05
  3  54   0.153882E+03   0.101306E+06
  3  55   0.156385E+03   0.103570E+06
  3  56   0.158866E+03   0.105847E+06
  3  57   0.161329E+03   0.108115E+06
  3  58   0.163768E+03   0.110385E+06
  3  59   0.166190E+03   0.112669E+06
  3  60   0.168591E+03   0.114943E+06
  3  61   0.171111E+03   0.117230E+06
  3  62   0.173472E+03   0.119507E+06
  3  63   0.175812E+03   0.121799E+06
  3  64   0.178140E+03   0.124091E+06
  3  65   0.180447E+03   0.126372E+06
  3  66   0.182749E+03   0.128669E+06
  3  67   0.185010E+03   0.130966E+06
  3  68   0.187260E+03   0.133265E+06
  3  69   0.189363E+03   0.135565E+06
  3  70   0.191712E+03   0.137866E+06
  3  71   0.193920E+03   0.140168E+06
  3  72   0.196111E+03   0.142472E+06
  3  73   0.198281E+03   0.144776E+06
  3  74   0.200440E+03   0.147098E+06
  3  75   0.202579E+03   0.149404E+06
  3  76   0.204690E+03   0.151711E+06
  3  77   0.206820E+03   0.154036E+06
  3  78   0.208912E+03   0.156345E+06
  3  79   0.210993E+03   0.158654E+06
  3  80   0.213067E+03   0.160983E+06
  3  81   0.215117E+03   0.163293E+06
  3  82   0.217159E+03   0.165628E+06
  3  83   0.219189E+03   0.167935E+06
  3  84   0.221198E+03   0.170292E+06
  3  85   0.223198E+03   0.172652E+06
  3  86   0.225192E+03   0.174954E+06
  3  87   0.227168E+03   0.177315E+06
  3  88   0.229123E+03   0.179675E+06
  3  89   0.231071E+03   0.181974E+06
  3  90   0.233004E+03   0.184334E+06
  3  91   0.234943E+03   0.186695E+06
  3  92   0.236859E+03   0.189055E+06
  3  93   0.238756E+03   0.191348E+06
  3  94   0.240652E+03   0.193708E+06
  3  95   0.242528E+03   0.196068E+06
  3  96   0.244393E+03   0.198693E+06
  3  97   0.246250E+03   0.201029E+06
  3  98   0.248111E+03   0.203378E+06
  3  99   0.249940E+03   0.205505E+06
  3 100   0.251764E+03   0.207863E+06
  3 101   0.253578E+03   0.210221E+06
  3 102   0.255384E+03   0.212856E+06
  3 103   0.257173E+03   0.215228E+06
  3 104   0.258960E+03   0.217601E+06
  3 105   0.260381E+03   0.219975E+06
  3 106   0.262138E+03   0.222350E+06
  3 107   0.263884E+03   0.224725E+06
  3 108   0.266001E+03   0.227101E+06
  3 109   0.267741E+03   0.229478E+06
  3 110   0.269468E+03   0.231856E+06
  3 111   0.271182E+03   0.234230E+06
  3 112   0.272888E+03   0.236594E+06
  3 113   0.274591E+03   0.238994E+06
  3 114   0.276281E+03   0.241375E+06
  3 115   0.277960E+03   0.243757E+06
  3 116   0.279640E+03   0.246139E+06
  3 117   0.281303E+03   0.248522E+06
  3 118   0.282958E+03   0.250905E+06
  3 119   0.284607E+03   0.253289E+06
  3 120   0.286241E+03   0.255674E+06
  3 121   0.288009E+03   0.258060E+06
  3 122   0.289632E+03   0.260442E+06
  3 123   0.291251E+03   0.262815E+06
  3 124   0.292857E+03   0.265180E+06
  3 125   0.294453E+03   0.267536E+06
  3 126   0.296047E+03   0.269883E+06
  3 127   0.297633E+03   0.272221E+06
  3 128   0.299213E+03   0.274551E+06
  3 129   0.300784E+03   0.276956E+06
  3 130   0.302343E+03   0.279554E+06
  3 131   0.303894E+03   0.281945E+06
  3 132   0.305459E+03   0.284337E+06
  3 133   0.307003E+03   0.286729E+06
  3 134   0.308517E+03   0.289121E+06
  3 135   0.310044E+03   0.291512E+06
  3 136   0.311564E+03   0.293894E+06
  3 137   0.312943E+03   0.296268E+06
  3 138   0.314447E+03   0.298634E+06
  3 139   0.316069E+03   0.300993E+06
  3 140   0.317565E+03   0.303343E+06
  3 141   0.319050E+03   0.305699E+06
  3 142   0.320532E+03   0.308107E+06
  3 143   0.322004E+03   0.310515E+06
  3 144   0.323470E+03   0.312923E+06
  3 145   0.324928E+03   0.315333E+06
  3 146   0.326379E+03   0.317742E+06
  3 147   0.327829E+03   0.320152E+06
  3 148   0.329272E+03   0.322562E+06
  3 149   0.330706E+03   0.324973E+06
  3 150   0.332137E+03   0.327384E+06
  3 151   0.333568E+03   0.329796E+06
  3 152   0.334970E+03   0.332208E+06
  3 153   0.336393E+03   0.334624E+06
  3 154   0.337798E+03   0.337033E+06
  3 155   0.339183E+03   0.339446E+06
  3 156   0.340587E+03   0.341860E+06
  3 157   0.341976E+03   0.344274E+06
  3 158   0.343358E+03   0.346688E+06
  3 159   0.344744E+03   0.349103E+06
  3 160   0.346115E+03   0.351518E+06
  3 161   0.347478E+03   0.353933E+06
  3 162   0.348839E+03   0.356349E+06
  3 163   0.350196E+03   0.358765E+06
  3 164   0.351549E+03   0.361181E+06
  3 165   0.352893E+03   0.363598E+06
  3 166   0.354230E+03   0.366014E+06
  3 167   0.355562E+03   0.368432E+06
  3 168   0.356890E+03   0.370849E+06
  3 169   0.358209E+03   0.373267E+06
  3 170   0.359535E+03   0.375685E+06
  3 171   0.360859E+03   0.378104E+06
  3 172   0.362166E+03   0.380522E+06
  3 173   0.363475E+03   0.382941E+06
  3 174   0.364771E+03   0.385361E+06
  3 175   0.366064E+03   0.387780E+06
  3 176   0.367354E+03   0.390200E+06
  3 177   0.368640E+03   0.392620E+06
  3 178   0.369922E+03   0.395040E+06
  3 179   0.371193E+03   0.397461E+06
  3 180   0.372466E+03   0.399882E+06
  3 181   0.373741E+03   0.402303E+06
  3 182   0.375006E+03   0.404724E+06
  3 183   0.376265E+03   0.407146E+06
  3 184   0.377516E+03   0.409568E+06
  3 185   0.378763E+03   0.411990E+06
  3 186   0.380005E+03   0.414412E+06
  3 187   0.381248E+03   0.416835E+06
  3 188   0.382484E+03   0.419258E+06
  3 189   0.383713E+03   0.421681E+06
  3 190   0.384936E+03   0.424104E+06
  3 191   0.386170E+03   0.426527E+06
  3 192   0.387385E+03   0.428951E+06
  3 193   0.388599E+03   0.431375E+06
  3 194   0.389831E+03   0.433799E+06
  3 195   0.391039E+03   0.436223E+06
  3 196   0.392226E+03   0.438648E+06
  3 197   0.393435E+03   0.441073E+06
  3 198   0.394628E+03   0.443498E+06
  3 199   0.395819E+03   0.445923E+06
  3 200   0.397009E+03   0.448348E+06
  3 201   0.398189E+03   0.450774E+06
  3 202   0.399368E+03   0.453199E+06
  3 203   0.400543E+03   0.455625E+06
  3 204   0.401711E+03   0.458051E+06
  3 205   0.402883E+03   0.460477E+06
  3 206   0.404045E+03   0.462904E+06
  3 207   0.404865E+03   0.465330E+06
  3 208   0.406018E+03   0.467757E+06
  3 209   0.407167E+03   0.470184E+06
  3 210   0.408313E+03   0.472611E+06
  3 211   0.409455E+03   0.475039E+06
  3 212   0.410594E+03   0.477466E+06
  3 213   0.411728E+03   0.479894E+06
  3 214   0.412859E+03   0.482321E+06
  3 215   0.413987E+03   0.484749E+06
  3 216   0.415501E+03   0.487178E+06
  3 217   0.416623E+03   0.489606E+06
  3 218   0.417741E+03   0.492034E+06
  3 219   0.418856E+03   0.494463E+06
  3 220   0.419975E+03   0.496891E+06
  3 221   0.421084E+03   0.499320E+06
  3 222   0.422189E+03   0.501749E+06
  3 223   0.423295E+03   0.504179E+06
  3 224   0.424398E+03   0.506608E+06
  3 225   0.425494E+03   0.509038E+06
  3 226   0.426587E+03   0.511474E+06
  3 227   0.427676E+03   0.513905E+06
  3 228   0.428763E+03   0.516344E+06
  3 229   0.429852E+03   0.518782E+06
  3 230   0.430930E+03   0.521214E+06
  3 231   0.432014E+03   0.523649E+06
  3 232   0.433101E+03   0.526089E+06
  3 233   0.434171E+03   0.528525E+06
  3 234   0.435238E+03   0.530956E+06
  3 235   0.436304E+03   0.533397E+06
  3 236   0.437370E+03   0.535836E+06
  3 237   0.438431E+03   0.538270E+06
  3 238   0.439487E+03   0.540704E+06
  3 239   0.440538E+03   0.543146E+06
  3 240   0.441726E+03   0.545584E+06
  3 241   0.442775E+03   0.548017E+06
  3 242   0.443816E+03   0.550455E+06
  3 243   0.444857E+03   0.552897E+06
  3 244   0.445894E+03   0.555334E+06
  3 245   0.446936E+03   0.557767E+06
  3 246   0.447969E+03   0.560207E+06
  3 247   0.448999E+03   0.562649E+06
  3 248   0.450026E+03   0.565086E+06
  3 249   0.451049E+03   0.567518E+06
  3 250   0.452071E+03   0.569961E+06
  3 251   0.453090E+03   0.572403E+06
  3 252   0.454106E+03   0.574840E+06
  3 253   0.455124E+03   0.577273E+06
  3 254   0.456137E+03   0.579715E+06
  3 255   0.457144E+03   0.582158E+06
  3 256   0.458155E+03   0.584597E+06
  3 257   0.459731E+03   0.587031E+06
  3 258   0.460156E+03   0.589471E+06
  3 259   0.461152E+03   0.591915E+06
  3 260   0.462147E+03   0.594355E+06
  3 261   0.463142E+03   0.596791E+06
  3 262   0.464136E+03   0.599227E+06
  3 263   0.465137E+03   0.601673E+06
  3 264   0.466114E+03   0.604115E+06
  3 265   0.467101E+03   0.606553E+06
  3 266   0.468089E+03   0.608986E+06
  3 267   0.469065E+03   0.611431E+06
  3 268   0.470035E+03   0.613876E+06
  3 269   0.471008E+03   0.616316E+06
  3 270   0.471976E+03   0.618752E+06
  3 271   0.472949E+03   0.621189E+06
  3 272   0.473910E+03   0.623637E+06
  3 273   0.474747E+03   0.626080E+06
  3 274   0.475705E+03   0.628519E+06
  3 275   0.476661E+03   0.630953E+06
  3 276   0.477608E+03   0.633396E+06
  3 277   0.478693E+03   0.635843E+06
  3 278   0.479641E+03   0.638285E+06
  3 279   0.480589E+03   0.640724E+06
  3 280   0.481533E+03   0.643158E+06
  3 281   0.482477E+03   0.645604E+06
  3 282   0.483418E+03   0.648051E+06
  3 283   0.484356E+03   0.650493E+06
  3 284   0.485299E+03   0.652932E+06
  3 285   0.486231E+03   0.655366E+06
  3 286   0.487166E+03   0.657812E+06
  3 287   0.488095E+03   0.660260E+06
  3 288   0.489025E+03   0.662703E+06
  3 289   0.489948E+03   0.665143E+06
  3 290   0.490870E+03   0.667578E+06
  3 291   0.491791E+03   0.670021E+06
  3 292   0.492710E+03   0.672470E+06
  3 293   0.493625E+03   0.674915E+06
  3 294   0.494542E+03   0.677357E+06
  3 295   0.495453E+03   0.679805E+06
  3 296   0.496364E+03   0.682253E+06
  3 297   0.497271E+03   0.684701E+06
  3 298   0.498189E+03   0.687149E+06
  3 299   0.499093E+03   0.689597E+06
  3 300   0.499986E+03   0.692046E+06
  4   1   0.000000E+00   0.000000E+00
  4   2   0.000000E+00   0.516554E+01
  4   3   0.199163E+00   0.117907E+02
  4   4   0.562139E+00   0.176346E+02
  4   5   0.995617E+00   0.231459E+02
  4   6   0.145629E+01   0.298633E+02
  4   7   0.192440E+01   0.370295E+02
  4   8   0.239028E+01   0.444999E+02
  4   9   0.284908E+01   0.521991E+02
  4  10   0.329830E+01   0.600784E+02
  4  11   0.373687E+01   0.681037E+02
  4  12   0.416433E+01   0.762497E+02
  4  13   0.458078E+01   0.844975E+02
  4  14   0.498629E+01   0.928319E+02
  4  15   0.538111E+01   0.101241E+03
  4  16   0.577132E+01   0.109715E+03
  4  17   0.614607E+01   0.118247E+03
  4  18   0.651718E+01   0.126828E+03
  4  19   0.687376E+01   0.135455E+03
  4  20   0.723545E+01   0.144123E+03
  4  21   0.757099E+01   0.152826E+03
  4  22   0.790716E+01   0.161562E+03
  4  23   0.823191E+01   0.170328E+03
  4  24   0.854946E+01   0.179121E+03
  4  25   0.885899E+01   0.187939E+03
  4  26   0.916386E+01   0.196780E+03
  4  27   0.946394E+01   0.205641E+03
  4  28   0.975678E+01   0.214523E+03
  4  29   0.100419E+02   0.223422E+03
  4  30   0.103246E+02   0.232337E+03
  4  31   0.106096E+02   0.241268E+03
  4  32   0.108836E+02   0.250214E+03
  4  33   0.111511E+02   0.259173E+03
  4  34   0.114139E+02   0.268145E+03
  4  35   0.116720E+02   0.277128E+03
  4  36   0.119261E+02   0.286123E+03
  4  37   0.121768E+02   0.295128E+03
  4  38   0.124226E+02   0.304143E+03
  4  39   0.126655E+02   0.313167E+03
  4  40   0.129047E+02   0.322200E+03
  4  41   0.131399E+02   0.331242E+03
  4  42   0.133716E+02   0.340291E+03
  4  43   0.136004E+02   0.349347E+03
  4  44   0.138258E+02   0.358411E+03
  4  45   0.140479E+02   0.367482E+03
  4  46   0.142679E+02   0.376558E+03
  4  47   0.144843E+02   0.385641E+03
  4  48   0.146980E+02   0.394730E+03
  4  49   0.149091E+02   0.403825E+03
  4  50   0.151170E+02   0.412924E+03
  4  51   0.153227E+02   0.422029E+03
  4  52   0.155079E+02   0.431138E+03
  4  53   0.157072E+02   0.440252E+03
  4  54   0.159254E+02   0.449371E+03
  4  55   0.161214E+02   0.458494E+03
  4  56   0.163152E+02   0.467621E+03
  4  57   0.165066E+02   0.476752E+03
  4  58   0.166967E+02   0.485886E+03
  4  59   0.168817E+02   0.495024E+03
  4  60   0.170691E+02   0.504166E+03
  4  61   0.172596E+02   0.513311E+03
  4  62   0.174412E+02   0.522459E+03
  4  63   0.176206E+02   0.531611E+03
  4  64   0.177987E+02   0.540765E+03
  4  65   0.179744E+02   0.549922E+03
  4  66   0.181486E+02   0.559082E+03
  4  67   0.183212E+02   0.568245E+03
  4  68   0.184849E+02   0.577410E+03
  4  69   0.186607E+02   0.586578E+03
  4  70   0.188281E+02   0.595748E+03
  4  71   0.189947E+02   0.604921E+03
  4  72   0.191584E+02   0.614095E+03
  4  73   0.193212E+02   0.623272E+03
  4  74   0.194828E+02   0.632451E+03
  4  75   0.196429E+02   0.641633E+03
  4  76   0.198017E+02   0.650816E+03
  4  77   0.199588E+02   0.660001E+03
  4  78   0.201141E+02   0.669188E+03
  4  79   0.202694E+02   0.678377E+03
  4  80   0.204222E+02   0.687567E+03
  4  81   0.205739E+02   0.696760E+03
  4  82   0.207245E+02   0.705954E+03
  4  83   0.208736E+02   0.715149E+03
  4  84   0.210214E+02   0.724346E+03
  4  85   0.211683E+02   0.733545E+03
  4  86   0.213146E+02   0.742745E+03
  4  87   0.214589E+02   0.751947E+03
  4  88   0.216023E+02   0.761150E+03
  4  89   0.217446E+02   0.770354E+03
  4  90   0.218864E+02   0.779560E+03
  4  91   0.220268E+02   0.788767E+03
  4  92   0.221653E+02   0.797975E+03
  4  93   0.223032E+02   0.807185E+03
  4  94   0.224404E+02   0.816395E+03
  4  95   0.225764E+02   0.825607E+03
  4  96   0.227114E+02   0.834820E+03
  4  97   0.228473E+02   0.844034E+03
  4  98   0.229795E+02   0.853249E+03
  4  99   0.231115E+02   0.862466E+03
  4 100   0.232424E+02   0.871683E+03
  4 101   0.233731E+02   0.880901E+03
  4 102   0.235027E+02   0.890121E+03
  4 103   0.236139E+02   0.899341E+03
  4 104   0.237405E+02   0.908562E+03
  4 105   0.238669E+02   0.917784E+03
  4 106   0.239926E+02   0.927007E+03
  4 107   0.241174E+02   0.936231E+03
  4 108   0.242619E+02   0.945456E+03
  4 109   0.243853E+02   0.954681E+03
  4 110   0.245083E+02   0.963908E+03
  4 111   0.246302E+02   0.973134E+03
  4 112   0.247515E+02   0.982363E+03
  4 113   0.248717E+02   0.991591E+03
  4 114   0.249915E+02   0.100082E+04
  4 115   0.251106E+02   0.101005E+04
  4 116   0.252294E+02   0.101928E+04
  4 117   0.253468E+02   0.102851E+04
  4 118   0.254638E+02   0.103775E+04
  4 119   0.255789E+02   0.104698E+04
  4 120   0.257010E+02   0.105621E+04
  4 121   0.258157E+02   0.106545E+04
  4 122   0.259312E+02   0.107468E+04
  4 123   0.260445E+02   0.108392E+04
  4 124   0.261574E+02   0.109315E+04
  4 125   0.262693E+02   0.110239E+04
  4 126   0.263810E+02   0.111163E+04
  4 127   0.264916E+02   0.112086E+04
  4 128   0.266021E+02   0.113010E+04
  4 129   0.267117E+02   0.113934E+04
  4 130   0.268210E+02   0.114858E+04
  4 131   0.269293E+02   0.115782E+04
  4 132   0.270371E+02   0.116706E+04
  4 133   0.271444E+02   0.117630E+04
  4 134   0.272512E+02   0.118555E+04
  4 135   0.273579E+02   0.119479E+04
  4 136   0.274566E+02   0.120403E+04
  4 137   0.275614E+02   0.121327E+04
  4 138   0.276722E+02   0.122252E+04
  4 139   0.277755E+02   0.123176E+04
  4 140   0.278794E+02   0.124101E+04
  4 141   0.279824E+02   0.125025E+04
  4 142   0.280848E+02   0.125949E+04
  4 143   0.281863E+02   0.126874E+04
  4 144   0.282876E+02   0.127799E+04
  4 145   0.283882E+02   0.128723E+04
  4 146   0.284883E+02   0.129648E+04
  4 147   0.285883E+02   0.130573E+04
  4 148   0.286877E+02   0.131498E+04
  4 149   0.287867E+02   0.132422E+04
  4 150   0.288855E+02   0.133347E+04
  4 151   0.289831E+02   0.134272E+04
  4 152   0.290804E+02   0.135197E+04
  4 153   0.291772E+02   0.136122E+04
  4 154   0.292740E+02   0.137047E+04
  4 155   0.293697E+02   0.137972E+04
  4 156   0.294658E+02   0.138897E+04
  4 157   0.295600E+02   0.139822E+04
  4 158   0.296554E+02   0.140747E+04
  4 159   0.297494E+02   0.141672E+04
  4 160   0.298430E+02   0.142598E+04
  4 161   0.299364E+02   0.143523E+04
  4 162   0.300292E+02   0.144448E+04
  4 163   0.301215E+02   0.145373E+04
  4 164   0.302134E+02   0.146299E+04
  4 165   0.303056E+02   0.147224E+04
  4 166   0.303967E+02   0.148149E+04
  4 167   0.304876E+02   0.149075E+04
  4 168   0.305778E+02   0.150000E+04
  4 169   0.306679E+02   0.150926E+04
  4 170   0.307584E+02   0.151851E+04
  4 171   0.308476E+02   0.152777E+04
  4 172   0.309417E+02   0.153702E+04
  4 173   0.310250E+02   0.154628E+04
  4 174   0.311132E+02   0.155553E+04
  4 175   0.312009E+02   0.156479E+04
  4 176   0.312885E+02   0.157405E+04
  4 177   0.313758E+02   0.158330E+04
  4 178   0.314624E+02   0.159256E+04
  4 179   0.315490E+02   0.160182E+04
  4 180   0.316352E+02   0.161107E+04
  4 181   0.317209E+02   0.162033E+04
  4 182   0.318060E+02   0.162959E+04
  4 183   0.318905E+02   0.163885E+04
  4 184   0.319751E+02   0.164811E+04
  4 185   0.320592E+02   0.165737E+04
  4 186   0.321431E+02   0.166662E+04
  4 187   0.322263E+02   0.167588E+04
  4 188   0.323102E+02   0.168514E+04
  4 189   0.323931E+02   0.169440E+04
  4 190   0.324761E+02   0.170366E+04
  4 191   0.325581E+02   0.171292E+04
  4 192   0.326399E+02   0.172218E+04
  4 193   0.327228E+02   0.173144E+04
  4 194   0.328046E+02   0.174070E+04
  4 195   0.328879E+02   0.174996E+04
  4 196   0.329658E+02   0.175922E+04
  4 197   0.330463E+02   0.176848E+04
  4 198   0.331261E+02   0.177774E+04
  4 199   0.332061E+02   0.178701E+04
  4 200   0.332855E+02   0.179627E+04
  4 201   0.333646E+02   0.180553E+04
  4 202   0.334434E+02   0.181479E+04
  4 203   0.335218E+02   0.182405E+04
  4 204   0.336004E+02   0.183331E+04
  4 205   0.336618E+02   0.184258E+04
  4 206   0.337395E+02   0.185184E+04
  4 207   0.338168E+02   0.186110E+04
  4 208   0.338930E+02   0.187037E+04
  4 209   0.339698E+02   0.187963E+04
  4 210   0.340462E+02   0.188889E+04
  4 211   0.341222E+02   0.189815E+04
  4 212   0.341985E+02   0.190742E+04
  4 213   0.342740E+02   0.191668E+04
  4 214   0.343494E+02   0.192595E+04
  4 215   0.344238E+02   0.193521E+04
  4 216   0.345191E+02   0.194447E+04
  4 217   0.345941E+02   0.195374E+04
  4 218   0.346690E+02   0.196300E+04
  4 219   0.347433E+02   0.197227E+04
  4 220   0.348172E+02   0.198153E+04
  4 221   0.348910E+02   0.199080E+04
  4 222   0.349644E+02   0.200006E+04
  4 223   0.350378E+02   0.200933E+04
  4 224   0.351105E+02   0.201859E+04
  4 225   0.351833E+02   0.202786E+04
  4 226   0.352557E+02   0.203712E+04
  4 227   0.353281E+02   0.204639E+04
  4 228   0.354001E+02   0.205565E+04
  4 229   0.354718E+02   0.206492E+04
  4 230   0.355442E+02   0.207418E+04
  4 231   0.356156E+02   0.208345E+04
  4 232   0.356868E+02   0.209272E+04
  4 233   0.357575E+02   0.210198E+04
  4 234   0.358285E+02   0.211125E+04
  4 235   0.358989E+02   0.212052E+04
  4 236   0.359691E+02   0.212978E+04
  4 237   0.360393E+02   0.213905E+04
  4 238   0.361094E+02   0.214832E+04
  4 239   0.361855E+02   0.215758E+04
  4 240   0.362546E+02   0.216685E+04
  4 241   0.363236E+02   0.217612E+04
  4 242   0.363925E+02   0.218539E+04
  4 243   0.364612E+02   0.219465E+04
  4 244   0.365295E+02   0.220392E+04
  4 245   0.365977E+02   0.221319E+04
  4 246   0.366656E+02   0.222246E+04
  4 247   0.367335E+02   0.223172E+04
  4 248   0.368012E+02   0.224099E+04
  4 249   0.368685E+02   0.225026E+04
  4 250   0.369357E+02   0.225953E+04
  4 251   0.370029E+02   0.226880E+04
  4 252   0.370700E+02   0.227806E+04
  4 253   0.371366E+02   0.228733E+04
  4 254   0.372032E+02   0.229660E+04
  4 255   0.372692E+02   0.230587E+04
  4 256   0.373352E+02   0.231514E+04
  4 257   0.374010E+02   0.232441E+04
  4 258   0.374668E+02   0.233368E+04
  4 259   0.375321E+02   0.234295E+04
  4 260   0.375975E+02   0.235222E+04
  4 261   0.376624E+02   0.236148E+04
  4 262   0.377273E+02   0.237075E+04
  4 263   0.377923E+02   0.238002E+04
  4 264   0.378568E+02   0.238929E+04
  4 265   0.379210E+02   0.239856E+04
  4 266   0.379857E+02   0.240783E+04
  4 267   0.380497E+02   0.241710E+04
  4 268   0.381133E+02   0.242637E+04
  4 269   0.381770E+02   0.243564E+04
  4 270   0.382345E+02   0.244491E+04
  4 271   0.382983E+02   0.245418E+04
  4 272   0.383614E+02   0.246345E+04
  4 273   0.384242E+02   0.247272E+04
  4 274   0.384864E+02   0.248199E+04
  4 275   0.385554E+02   0.249126E+04
  4 276   0.386177E+02   0.250053E+04
  4 277   0.386791E+02   0.250980E+04
  4 278   0.387412E+02   0.251907E+04
  4 279   0.388035E+02   0.252835E+04
  4 280   0.388651E+02   0.253762E+04
  4 281   0.389267E+02   0.254689E+04
  4 282   0.389887E+02   0.255616E+04
  4 283   0.390493E+02   0.256543E+04
  4 284   0.391103E+02   0.257470E+04
  4 285   0.391712E+02   0.258397E+04
  4 286   0.392315E+02   0.259324E+04
  4 287   0.392920E+02   0.260251E+04
  4 288   0.393524E+02   0.261179E+04
  4 289   0.394126E+02   0.262106E+04
  4 290   0.394725E+02   0.263033E+04
  4 291   0.395324E+02   0.263960E+04
  4 292   0.395921E+02   0.264887E+04
  4 293   0.396516E+02   0.265814E+04
  4 294   0.397113E+02   0.266742E+04
  4 295   0.397705E+02   0.267669E+04
  4 296   0.398301E+02   0.268596E+04
  4 297   0.398892E+02   0.269523E+04
  4 298   0.399483E+02   0.270450E+04
  4 299   0.400068E+02   0.271377E+04
  4 300   0.400653E+02   0.272305E+04
